 11  13  1  -55.0  160.0    2.5    2.5 
T   12.3
  -78.69  -82.33  -84.19  -84.06  -81.89  -77.71  -71.62  -63.71  -54.15  -43.44
  -32.13  -63.71  -69.53  -72.75  -73.19  -71.07  -66.82  -60.75  -52.99  -43.50
  -32.46  -20.32  -44.88  -52.62  -57.13  -58.18  -56.23  -51.92  -45.78  -38.01
  -28.54  -17.45   -5.05  -20.21  -29.18  -35.18  -37.94  -37.63  -34.74  -29.53
  -22.19  -12.72   -1.39   11.27    7.90   -2.12  -10.07  -15.53  -18.29  -18.15
  -14.89   -8.43    0.99   12.74   25.91   34.58   24.04   15.21    8.31    3.62
    1.78    3.49    9.08   18.08   29.52   42.32   57.94   48.50   41.20   35.68
   31.82   30.05   31.27   35.99   43.70   53.32   63.94   79.61   72.58   68.06
   65.35   63.55   62.61   63.46   66.84   72.53   79.59   87.21  100.12   95.25
   92.65   91.53   90.74   89.88   89.86   91.75   95.67  100.77  106.25  116.92
  113.35  111.23  110.20  109.41  108.40  107.85  108.88  111.82  115.91  120.12
  127.68  125.27  123.32  122.27  121.76  121.35  121.17  121.96  124.20  127.26
  130.11  133.18  132.00  130.51  129.61  129.48  129.67  129.80  130.11  131.21
  132.87  134.30  134.89  134.45  133.14  131.80  131.08  130.68  130.09  129.41
  129.30  129.98  130.81 
SW   11.3
  -30.53  -39.84  -50.99  -63.47  -76.40  -88.79  -99.50 -107.54 -112.23 -113.27
 -110.86    6.48   -5.18  -18.39  -32.50  -46.92  -60.91  -73.65  -84.07  -91.21
  -94.27  -92.98   44.08   31.43   17.66    3.44  -10.75  -24.69  -37.95  -49.93
  -59.40  -65.19  -66.39   81.43   69.35   55.77   41.58   27.39   13.48   -0.07
  -12.94  -24.13  -32.19  -35.87  114.59  103.18   89.13   73.56   57.74   42.54
   28.31   15.27    3.95   -4.51   -8.73  138.51  127.63  113.16   96.21   78.56
   62.01   47.54   35.37   25.53   18.59   15.53  152.37  143.06  130.28  114.51
   97.34   81.01   67.18   56.42   48.52   43.35   41.50  160.18  153.66  144.52
  132.33  117.97  103.30   90.54   80.78   73.98   69.80   68.36  165.38  161.13
  155.23  146.74  135.53  123.05  111.39  102.31   96.13   92.50   91.24  167.74
  164.17  159.64  153.38  144.95  135.00  125.27  117.43  112.20  109.34  108.30
  165.88  162.37  158.27  153.35  147.39  140.56  133.68  127.83  123.78  121.51
  120.52  160.37  157.56  154.08  150.17  146.15  141.97  137.50  133.20  129.85
  127.83  126.68  152.28  150.65  148.04  144.75  141.43  138.17  134.60  130.87
  127.83  126.00  125.19 
TNW    7.6
  -29.38  -19.99   -8.38    4.81   18.93   33.44   47.87   61.73   74.55   85.55
   94.08  -17.82  -10.20    0.41   13.42   28.05   43.60   59.50   75.18   90.04
  103.21  113.68   -8.03   -3.05    5.68   17.56   31.89   47.94   65.11   82.75
   99.83  115.16  127.34    2.30    4.57   10.83   20.68   33.48   48.69   65.89
   84.39  103.01  120.02  133.65   13.63   13.10   16.81   24.33   34.93   48.20
   63.98   81.75  100.32  117.75  132.08   25.57   22.63   24.77   31.14   40.57
   52.32   66.28   82.18   98.97  114.87  128.24   39.13   35.03   37.01   43.81
   53.45   64.54   76.81   90.26  104.11  116.92  127.52   56.01   52.01   54.26
   61.27   70.50   80.29   90.39  101.06  111.82  121.44  129.08   75.41   72.12
   73.83   79.26   86.16   93.13  100.24  108.13  116.50  124.05  129.82   93.33
   90.96   91.57   94.60   98.60  102.67  107.14  112.71  119.30  125.53  130.18
  106.19  104.94  104.99  106.49  108.95  111.65  114.62  118.40  123.07  127.65
  130.89  113.97  113.64  113.51  114.28  116.11  118.36  120.38  122.38  124.80
  127.36  129.17  118.16  118.00  117.30  117.00  117.67  118.71  119.38  119.69
  120.31  121.54  122.82 
TSW    7.3
   35.34   34.57   32.41   29.04   24.67   19.79   14.96   10.92    8.22    7.13
    7.45   62.30   59.10   54.94   50.02   44.44   38.34   32.10   26.59   22.71
   21.12   21.89   80.54   74.62   68.45   62.48   56.62   50.39   43.86   37.66
   33.09   31.24   32.47   91.41   82.96   74.81   67.68   61.38   55.20   48.68
   42.36   37.65   36.03   38.21   96.81   85.69   75.00   65.78   58.10   51.24
   44.70   38.82   34.90   34.50   38.43   97.49   83.90   70.83   59.47   50.23
   42.82   36.91   32.59   30.74   32.50   38.54   95.15   80.42   66.51   54.45
   44.74   37.62   33.19   31.44   32.52   36.75   44.39   93.41   79.25   66.20
   54.77   45.41   38.86   35.82   36.45   40.19   46.48   54.98   95.26   82.45
   70.80   60.37   51.46   45.14   42.66   44.45   49.70   57.13   65.91  100.32
   88.90   78.59   69.34   61.40   55.75   53.58   55.50   60.80   68.08   76.23
  106.02   96.30   87.51   80.01   74.13   70.25   68.87   70.33   74.42   80.26
   86.85  110.53  102.95   95.95   90.31   86.56   84.53   83.83   84.41   86.66
   90.60   95.57  112.97  107.59  102.10   97.53   94.64   93.13   92.19   91.64
   92.39   95.14   99.33 
H   12.9
   23.50   27.47   30.34   31.84   31.88   30.44   27.78   24.15   19.95   15.30
   10.22   71.15   75.48   78.86   81.03   81.52   80.04   76.58   71.44   65.17
   58.33   51.20  114.03  119.34  123.81  127.13  128.72  128.17  125.04  119.40
  111.76  102.81   93.22  150.89  157.69  162.81  166.13  167.63  167.16  164.35
  158.94  150.91  140.79  129.40  178.24  185.74  189.98  191.19  190.35  188.40
  185.43  180.76  173.63  163.94  152.41  193.75  201.15  204.10  202.99  199.71
  196.23  193.26  189.86  184.41  176.03  165.33  199.75  207.44  210.71  209.59
  205.98  202.36  199.79  197.38  193.03  185.45  175.15  200.92  209.24  214.16
  214.91  212.68  209.55  206.86  204.18  199.69  192.09  181.89  199.43  207.23
  212.87  215.08  214.01  211.04  207.54  203.73  198.73  191.48  182.26  194.47
  200.02  204.57  206.84  206.41  203.77  200.00  195.80  191.09  185.19  177.91
  185.58  188.63  191.42  193.18  193.46  192.09  189.37  185.92  182.15  177.83
  172.42  174.27  175.91  177.40  178.53  179.18  178.90  177.36  174.76  171.71
  168.35  164.23  161.91  163.12  163.74  163.72  163.43  162.75  161.24  158.86
  156.16  153.53  150.67 
HNW    6.9
  -12.61  -18.28  -25.79  -34.94  -45.31  -56.33  -67.05  -76.67  -84.34  -89.54
  -92.18   35.66   28.74   20.25   10.41   -0.55  -12.31  -24.40  -36.01  -46.05
  -53.66  -58.26   81.85   75.08   67.00   58.03   48.34   37.74   26.22   14.16
    2.39   -7.82  -15.58  124.32  119.22  112.23  104.07   95.19   85.62   75.11
   63.43   51.02   38.81   28.15  159.37  155.84  148.98  139.71  129.40  119.07
  108.79   98.07   86.45   74.30   62.81  182.81  180.34  173.21  162.37  149.99
  138.20  127.92  118.59  109.09   98.84   88.59  195.11  194.18  188.48  178.38
  166.00  153.97  143.96  135.85  128.19  119.90  111.25  200.69  201.85  199.29
  192.40  182.33  171.34  161.51  153.46  146.27  138.85  131.10  202.59  204.82
  204.67  201.02  193.74  184.26  174.52  165.94  158.51  151.50  144.61  200.27
  201.64  201.79  199.74  194.78  187.29  178.74  170.66  163.80  157.80  152.16
  192.70  192.70  192.17  190.68  187.65  182.84  176.78  170.57  165.17  160.50
  156.02  181.32  181.09  180.34  179.07  177.28  174.58  170.75  166.26  162.02
  158.33  154.65  168.08  168.61  168.14  166.74  164.81  162.40  159.19  155.42
  151.71  148.68  145.89 
W    4.8
 -110.49 -108.94 -104.04  -96.11  -85.75  -73.79  -61.04  -48.14  -35.66  -24.16
  -14.04  -75.95  -75.19  -70.46  -62.00  -50.83  -38.08  -24.81  -11.82    0.40
   11.52   21.11  -35.69  -35.45  -30.99  -22.56  -11.24    1.68   15.07   28.00
   39.81   50.00   58.19    8.60    9.04   12.89   19.83   29.14   40.08   51.89
   63.77   74.85   84.22   91.13   51.42   52.15   54.78   58.83   64.14   70.88
   79.37   89.18   99.24  108.02  114.38   86.90   88.15   90.34   92.56   94.75
   97.78  102.89  110.21  118.64  126.26  131.68  113.80  116.66  120.54  123.78
  125.79  127.39  130.19  134.89  140.58  145.51  148.51  135.36  140.32  146.53
  151.96  155.14  156.48  157.44  159.22  161.47  163.04  163.10  153.65  159.28
  165.79  171.42  174.65  175.21  174.42  173.69  173.31  172.67  171.12  166.66
  170.98  175.38  179.15  181.22  181.04  179.41  177.63  176.40  175.33  173.60
  171.68  174.16  176.17  178.13  179.56  179.76  178.62  177.13  176.00  174.95
  173.20  169.23  170.60  171.47  172.55  173.84  174.54  174.07  172.79  171.39
  169.93  167.80  161.91  162.84  163.25  163.45  163.71  163.60  162.61  160.88
  159.02  157.27  155.25 
HSE   13.7
   77.69   87.58   95.82  101.92  105.59  106.84  105.87  103.07   98.83   93.35
   86.67  116.51  126.98  135.89  142.73  147.14  148.89  148.03  144.85  139.82
  133.42  125.90  145.74  156.23  165.22  172.43  177.64  180.54  180.86  178.55
  173.91  167.38  159.37  164.96  175.31  183.74  190.37  195.39  198.81  200.28
  199.39  195.96  190.20  182.57  174.16  184.01  191.27  196.32  199.95  202.77
  204.63  204.81  202.67  198.12  191.62  174.26  183.37  189.83  193.85  196.53
  198.85  200.88  201.76  200.46  196.67  191.01  168.17  176.65  183.37  188.01
  191.28  194.09  196.63  197.99  196.98  193.24  187.57  159.84  167.35  174.41
  180.04  184.26  187.62  190.37  191.87  191.03  187.38  181.82  152.00  157.45
  163.40  168.54  172.34  175.07  177.21  178.55  178.25  175.69  171.42  144.88
  147.57  151.16  154.42  156.78  158.35  159.67  160.88  161.44  160.63  158.35
  137.85  138.34  139.70  141.18  142.45  143.52  144.58  145.77  146.87  147.27
  146.45  130.80  130.29  130.20  130.41  131.03  131.98  132.94  133.79  134.71
  135.44  135.44  123.73  122.93  121.89  120.85  120.40  120.61  120.87  121.01
  121.41  122.28  123.14 
HE    7.1
  -20.55   -6.84    8.88   25.64   42.40   58.20   72.41   84.56   94.23  101.09
  104.69    3.79   17.50   33.91   51.81   69.88   86.97  102.31  115.51  126.23
  133.98  138.34   26.58   39.56   55.73   73.67   91.94  109.44  125.62  140.09
  152.37  161.59  166.89   47.75   60.03   75.35   92.12  108.92  125.20  140.89
  155.89  169.42  180.11  186.51   65.75   77.14   91.33  106.37  120.90  134.87
  148.84  163.07  176.67  187.84  194.76   79.74   90.13  103.79  118.24  131.77
  144.28  156.65  169.33  181.38  191.05  196.70   91.79  101.50  115.43  130.66
  144.82  157.35  168.74  179.46  188.71  195.09  197.68  105.06  114.01  127.56
  142.77  156.98  168.92  178.91  187.27  193.43  196.44  196.07  119.51  127.04
  138.23  150.87  162.57  172.06  179.48  185.29  189.22  190.50  188.93  131.60
  137.16  144.85  153.51  161.54  167.94  172.72  176.45  179.13  180.07  178.70
  138.12  142.01  146.77  152.29  157.81  162.35  165.56  167.89  169.55  170.05
  168.66  139.39  142.03  144.87  148.36  152.40  155.93  158.18  159.18  159.51
  159.12  157.35  137.36  138.78  139.93  141.44  143.47  145.37  146.22  145.98
  145.19  144.28  142.77 
NE    6.3
   76.71   83.19   88.00   90.99   92.16   91.55   89.43   86.13   81.88   76.84
   70.91  104.30  110.34  115.07  118.46  120.39  120.74  119.52  116.91  113.20
  108.68  103.33  117.66  122.51  126.89  130.91  134.35  136.87  138.06  137.86
  136.41  133.83  130.04  118.35  122.09  126.29  131.04  136.04  140.81  144.78
  147.68  149.37  149.73  148.51  109.98  112.71  116.99  122.56  128.87  135.33
  141.45  146.90  151.38  154.54  155.98   95.81   97.44  102.31  109.46  117.68
  126.14  134.36  141.93  148.38  153.29  156.26   80.13   80.57   86.31   95.60
  106.45  117.58  128.33  138.15  146.28  151.99  155.29   69.23   68.21   73.86
   84.03   96.29  109.12  121.89  133.77  143.50  150.03  153.42   67.56   64.94
   68.77   77.16   88.02  100.09  112.94  125.61  136.46  143.94  147.90   73.93
   70.11   71.40   76.57   84.33   94.00  105.18  116.92  127.51  135.29  139.64
   82.91   79.07   78.61   81.21   86.50   93.98  102.98  112.53  121.29  127.93
  131.87   90.33   87.23   86.05   87.18   90.95   96.82  103.66  110.38  116.42
  121.27  124.45   94.84   92.50   90.83   90.68   92.80   96.75  101.18  105.21
  108.84  112.39  115.40 
HW    5.4
   72.54   68.77   61.83   51.99   39.73   25.73   10.93   -3.73  -17.17  -28.67
  -37.83  116.68  112.14  104.54   94.23   81.57   66.84   50.58   33.85   17.94
    4.13   -6.74  151.67  147.23  140.03  130.71  119.44  105.95   90.21   72.87
   55.33   39.45   26.67  177.14  173.35  166.88  158.62  148.87  137.25  123.04
  106.30   88.37   71.38   57.41  192.57  188.90  181.94  173.21  163.60  152.94
  140.40  125.39  108.66   92.28   78.65  197.47  193.11  185.02  174.92  164.59
  154.50  143.89  131.65  117.74  103.62   91.71  193.65  189.16  180.97  170.76
  160.38  151.06  142.45  133.39  123.01  111.93  102.21  185.07  181.56  175.09
  166.31  156.78  148.03  140.57  133.67  126.24  118.14  110.75  174.64  172.31
  167.91  161.02  152.40  143.72  136.33  130.28  124.82  119.39  114.54  163.04
  160.90  157.58  152.12  144.71  136.66  129.55  124.14  120.14  116.94  114.40
  150.71  147.96  144.80  140.43  134.87  128.90  123.44  119.20  116.40  114.68
  113.60  138.90  135.88  132.64  128.97  125.25  121.67  118.28  115.27  113.15
  112.21  112.02  128.24  125.77  122.68  119.25  116.21  113.76  111.29  108.75
  106.96  106.61  107.34 
R    4.7
   18.11   30.11   42.35   54.14   65.01   74.62   82.84   89.63   95.06   98.96
  101.18   55.82   66.77   77.89   88.68   98.61  107.17  114.07  119.25  122.88
  125.19  126.16   88.93   97.45  106.03  114.57  122.71  129.87  135.41  139.09
  141.03  141.69  141.36  115.04  120.77  125.91  130.89  135.84  140.35  143.68
  145.39  145.53  144.69  143.54  133.21  136.22  137.48  137.86  138.08  138.37
  138.18  137.01  134.95  132.80  131.51  143.89  144.66  142.59  138.69  134.13
  129.72  125.51  121.22  116.90  113.45  112.21  148.77  148.07  144.03  137.25
  129.05  120.80  113.21  106.35  100.30   95.89   94.59  150.17  148.48  143.27
  134.69  123.90  112.63  102.42   93.89   87.16   82.71   81.78  149.89  147.08
  140.76  130.74  117.93  104.41   92.35   83.05   76.72   73.36   73.53  148.04
  144.00  136.81  126.17  112.84   98.74   86.33   77.24   71.90   69.95   71.31
  143.87  139.13  131.98  122.30  110.68   98.46   87.54   79.50   75.01   73.82
   75.54  137.21  132.63  126.39  118.64  109.93  100.87   92.35   85.51   81.39
   80.32   81.84  128.64  124.82  119.71  113.65  107.23  100.71   94.16   88.35
   84.56   83.67   85.36 
